25.0921
26.5302
28.3079
28.6748
23.9221
29.1823
27.1480
25.1774
27.6523
28.3764
26.9427
27.2707
28.3706
28.9801
26.2661
26.6392
31.1134
30.2195
26.6317
27.9391
25.4739
26.0967
26.1894
27.4936
27.8276
27.1258
28.2331
29.3777
23.5076
28.8204
23.9731
25.8868
26.6599
26.2477
26.9284
27.0380
27.1801
27.2491
29.7155
27.5547
26.8264
27.9369
28.6659
26.1196
31.0276
24.5866
25.8102
28.4276
29.4410
26.0094
27.5347
28.7587
29.3944
27.8127
26.1480
23.4448
27.1180
29.3527
28.7046
29.7319
28.3302
31.7249
25.5970
26.0573
28.1525
34.4265
23.8828
25.3167
27.4317
0.8167
0.9096
0.9107
0.8983
0.8584
0.9278
0.8825
0.8387
0.8837
0.8859
0.9014
0.8608
0.8802
0.9024
0.8558
0.8995
0.9157
0.9285
0.8653
0.9032
0.8990
0.8636
0.8954
0.8995
0.9180
0.8667
0.8907
0.9202
0.8506
0.8848
0.8396
0.8555
0.9086
0.9183
0.8618
0.7345
0.8449
0.8660
0.9345
0.8779
0.8677
0.8879
0.9223
0.8716
0.9131
0.8474
0.8358
0.9317
0.9012
0.8349
0.8825
0.9076
0.8745
0.8859
0.8584
0.7956
0.8620
0.8752
0.8716
0.8892
0.8834
0.9487
0.8611
0.8146
0.8871
0.9693
0.8736
0.8852
0.8808
